--------------------------------------------------------------------------------
Matrix A (GPU):
[[ 0.98977178  2.89653206 -1.90550017  1.1594094 ]
 [ 0.02455696  0.97068578 -0.94304663  0.80244064]
 [ 0.63428515 -0.7657485  -1.24984288  0.20413612]
 [ 0.65530658 -1.77194941  0.32302412  1.09725463]]
--------------------------------------------------------------------------------
Matrix B (GPU):
[[ 0.54572946 -0.51513678 -0.08469063  2.1454916 ]
 [ 0.0268177   0.93674427  0.06337515 -0.81707245]
 [ 1.08666921  1.58765996 -1.24388957 -0.90565568]
 [ 0.34543496  0.70556426  0.90099937  1.19653165]]
--------------------------------------------------------------------------------
Matrix C (GPU):
[[ -1.05232191e+00  -3.80661990e-03   3.51460266e+00   2.86986756e+00]
 [ -7.08155692e-01  -3.44297849e-02   1.95548201e+00   1.07378733e+00]
 [ -9.62037563e-01  -2.88434863e+00   1.63634551e+00   3.36270809e+00]
 [  1.04015100e+00  -7.10399866e-01   4.19023484e-01   3.87411690e+00]]
--------------------------------------------------------------------------------
CPU-GPU difference:
[[  0.00000000e+00  -9.03382897e-08   2.38418579e-07   2.38418579e-07]
 [  5.96046448e-08   5.58793545e-08   0.00000000e+00   0.00000000e+00]
 [  1.19209290e-07   0.00000000e+00   0.00000000e+00  -2.38418579e-07]
 [  0.00000000e+00  -1.19209290e-07  -2.98023224e-08   0.00000000e+00]]
L2 norm: 4.63332e-07
