--------------------------------------------------------------------------------
Matrix A (GPU):
[[-0.60918671  0.88234758  0.27201504  0.40259004]
 [ 0.77928257  0.50760025 -1.7231853  -2.22817445]
 [ 1.77115488 -0.41530544  0.13031375  0.08675066]
 [ 0.37794378 -1.25449145  0.60500932 -1.65680218]]
--------------------------------------------------------------------------------
Matrix B (GPU):
[[-1.29098487  0.13865517 -0.26040167 -1.7182883 ]
 [-0.8156718  -1.49465871  1.13187945 -0.23262788]
 [ 0.30355102 -1.63301361 -0.24567051 -1.61682153]
 [-1.17095959 -0.36347517 -0.29139784  0.03212475]]
--------------------------------------------------------------------------------
Matrix C (GPU):
[[-0.32210147 -1.99381101  0.97320437  0.4146331 ]
 [ 0.66595042  2.97323346  1.44423687  1.25738943]
 [-2.00980568  0.62198383 -0.98858052 -3.15465021]
 [ 2.6590333   1.5416584  -1.18419468 -1.38900304]]
--------------------------------------------------------------------------------
CPU-GPU difference:
[[  0.00000000e+00  -1.19209290e-07   0.00000000e+00   0.00000000e+00]
 [  0.00000000e+00   2.38418579e-07  -1.19209290e-07  -1.19209290e-07]
 [  0.00000000e+00   0.00000000e+00  -5.96046448e-08   0.00000000e+00]
 [  0.00000000e+00   0.00000000e+00   1.19209290e-07   0.00000000e+00]]
